objet_1<-1

